//----------------------------------------------------------------------------------------------------
// $Id: bad_runs.txt,v 1.2 2011/11/08 19:31:07 hmasui Exp $
// $Log: bad_runs.txt,v $
// Revision 1.2  2011/11/08 19:31:07  hmasui
// Update bad run list for 200 GeV
//
//----------------------------------------------------------------------------------------------------

const Int_t bad_run_list_200GeV[219]  = { 11002120, 11002121, 11002126, 11002127, 11002129, 11003010, 11003011, 11003101, 11003102, 11004007, 11004008, 11004009, 11004010, 11004011, 11004012, 11004013, 11004014, 11004015, 11004016, 11004018, 11004020, 11004021, 11004023, 11004024, 11004025, 11004026, 11004028, 11004029, 11004030, 11004032, 11004033, 11004034, 11004035, 11004037, 11004038, 11005042, 11006004, 11006005, 11006008, 11007015, 11010031, 11011019, 11011053, 11015069, 11015071, 11016024, 11017006, 11018003, 11018007, 11018008, 11018036, 11019001, 11019080, 11019081, 11021027, 11021028, 11021031, 11023048, 11025034, 11025038, 11025054, 11025067, 11025069, 11026005, 11026008, 11026021, 11026022, 11026023, 11026025, 11026067, 11026068, 11028004, 11028005, 11028006, 11028007, 11028008, 11028009, 11028010, 11028011, 11028012, 11028013, 11028018, 11028019, 11028020, 11028021, 11028022, 11028023, 11028024, 11028025, 11028026, 11028027, 11030041, 11030080, 11031061, 11031064, 11035008, 11035009, 11035072, 11036026, 11037035, 11037037, 11037060, 11037066, 11037067, 11038048, 11038049, 11038050, 11039047, 11039067, 11040078, 11040083, 11041022, 11041023, 11041040, 11041041, 11042001, 11042002, 11042003, 11042004, 11042005, 11042006, 11042007, 11042008, 11042011, 11042012, 11042018, 11042019, 11042020, 11042021, 11042022, 11042023, 11042024, 11042025, 11042026, 11042027, 11042042, 11042043, 11042044, 11042045, 11042046, 11042047, 11042048, 11042049, 11044029, 11047059, 11047065, 11047066, 11047067, 11048037, 11049001, 11049002, 11049005, 11049023, 11051038, 11051049, 11051051, 11051055, 11051063, 11051064, 11051068, 11052011, 11053057, 11054021, 11054022, 11054024, 11054059, 11054062, 11054066, 11057012, 11057035, 11057036, 11058005, 11058050, 11058083, 11059043, 11059055, 11059060, 11059075, 11059076, 11059077, 11060008, 11060049, 11060059, 11060069, 11060076, 11061008, 11061009, 11061021, 11061034, 11061037, 11061038, 11061095, 11063006, 11063007, 11063008, 11063011, 11063013, 11063014, 11063015, 11063016, 11063017, 11063036, 11063083, 11064003, 11064023, 11065038, 11066024, 11066045, 11071056, 11072032, 11072044, 11072045, 11073001, 11073002, 11073003, 11073049, 11075039, 11075045, 11075048 };

